(DEVICE FILE: ad9222_cp64-3)

PACKAGE ad9222_cp64-3
CLASS DISCRETE
PINCOUNT 65

PINORDER ad9222_cp64-3  12 13 14 15 16 17 4 5 6 7,
 8 9 10 11 1 2 3 64 21 22,
 23 24 25 18 19 20 65 56 57 58,
 59 60 61 62 63 37 29 30 31 32,
 33 34 35 36 26 27 28 45 38 39,
 40 41 42 43 44 46 47 48 49 50,
 51 52 53 54 55

PINSWAP ad9222_cp64-3  12 13 14 15 16 17 4 5 6 7,
 8 9 10 11 1 2 3 64 21 22,
 23 24 25 18 19 20 65 56 57 58,
 59 60 61 62 63 37 29 30 31 32,
 33 34 35 36 26 27 28 45 38 39,
 40 41 42 43 44 46 47 48 49 50,
 51 52 53 54 55

FUNCTION ad9222_cp64-3 ad9222_cp64-3  12 13 14 15 16 17 4 5 6 7,
 8 9 10 11 1 2 3 64 21 22,
 23 24 25 18 19 20 65 56 57 58,
 59 60 61 62 63 37 29 30 31 32,
 33 34 35 36 26 27 28 45 38 39,
 40 41 42 43 44 46 47 48 49 50,
 51 52 53 54 55

END
