(DEVICE FILE: ad9287_cp48-1)

PACKAGE ad9287_cp48-1
CLASS DISCRETE
PINCOUNT 49

PINORDER ad9287_cp48-1  10 11 12 15 16 17 18 19 13 14,
 49 2 3 4 5 6 7 8 9 42,
 43 44 45 46 1 47 48 27 23 24,
 25 26 20 21 22 35 28 29 30 31,
 32 33 34 36 37 38 39 40 41

PINSWAP ad9287_cp48-1  10 11 12 15 16 17 18 19 13 14,
 49 2 3 4 5 6 7 8 9 42,
 43 44 45 46 1 47 48 27 23 24,
 25 26 20 21 22 35 28 29 30 31,
 32 33 34 36 37 38 39 40 41

FUNCTION ad9287_cp48-1 ad9287_cp48-1  10 11 12 15 16 17 18 19 13 14,
 49 2 3 4 5 6 7 8 9 42,
 43 44 45 46 1 47 48 27 23 24,
 25 26 20 21 22 35 28 29 30 31,
 32 33 34 36 37 38 39 40 41

END
