(DEVICE FILE: drs4_qfn76)

PACKAGE drs4_qfn76
CLASS DISCRETE
PINCOUNT 77

PINORDER drs4_qfn76  14 15 16 17 18 19 20 4 5 6,
 7 8 9 10 11 12 13 1 2 3,
 76 25 26 27 28 29 30 21 22 23,
 24 77 66 67 68 69 70 71 72 73,
 74 75 44 35 36 37 38 39 40 41,
 42 43 31 32 33 34 54 45 46 47,
 48 49 50 51 52 53 55 56 57 58,
 59 60 61 62 63 64 65

PINSWAP drs4_qfn76  14 15 16 17 18 19 20 4 5 6,
 7 8 9 10 11 12 13 1 2 3,
 76 25 26 27 28 29 30 21 22 23,
 24 77 66 67 68 69 70 71 72 73,
 74 75 44 35 36 37 38 39 40 41,
 42 43 31 32 33 34 54 45 46 47,
 48 49 50 51 52 53 55 56 57 58,
 59 60 61 62 63 64 65

FUNCTION drs4_qfn76 drs4_qfn76  14 15 16 17 18 19 20 4 5 6,
 7 8 9 10 11 12 13 1 2 3,
 76 25 26 27 28 29 30 21 22 23,
 24 77 66 67 68 69 70 71 72 73,
 74 75 44 35 36 37 38 39 40 41,
 42 43 31 32 33 34 54 45 46 47,
 48 49 50 51 52 53 55 56 57 58,
 59 60 61 62 63 64 65

END
