(DEVICE FILE: sy89113u_qfn44)

PACKAGE sy89113u_qfn44
CLASS DISCRETE
PINCOUNT 45

PINORDER sy89113u_qfn44  14 15 16 17 18 9 10 11 12 13,
 45 1 2 3 4 5 6 7 8 38,
 39 40 41 42 43 44 25 22 23 24,
 19 20 21 33 26 27 28 29 30 31,
 32 34 35 36 37

PINSWAP sy89113u_qfn44  14 15 16 17 18 9 10 11 12 13,
 45 1 2 3 4 5 6 7 8 38,
 39 40 41 42 43 44 25 22 23 24,
 19 20 21 33 26 27 28 29 30 31,
 32 34 35 36 37

FUNCTION sy89113u_qfn44 sy89113u_qfn44  14 15 16 17 18 9 10 11 12 13,
 45 1 2 3 4 5 6 7 8 38,
 39 40 41 42 43 44 25 22 23 24,
 19 20 21 33 26 27 28 29 30 31,
 32 34 35 36 37

END
