(DEVICE FILE: qfn100ld_v2)

PACKAGE qfn100ld_v2
CLASS IC
PINCOUNT 109

PINORDER qfn100ld_v2  25 24 23 22 21 20 19 18 17 16,
 15 14 13 12 11 10 9 8 7 6,
 5 4 3 2 1 26 101 100 29 28,
 27 107 105 102 99 98 97 31 30 96,
 95 34 33 32 94 93 92 36 35 108,
 103 91 90 39 38 37 89 88 87 41,
 40 86 85 44 43 42 84 83 82 46,
 45 109 106 104 81 80 49 48 47 79,
 78 77 50 76 53 52 51 55 54 58,
 57 56 60 59 63 62 61 65 64 68,
 67 66 70 69 73 72 71 75 74

PINSWAP qfn100ld_v2  25 24 23 22 21 20 19 18 17 16,
 15 14 13 12 11 10 9 8 7 6,
 5 4 3 2 1 26 101 100 29 28,
 27 107 105 102 99 98 97 31 30 96,
 95 34 33 32 94 93 92 36 35 108,
 103 91 90 39 38 37 89 88 87 41,
 40 86 85 44 43 42 84 83 82 46,
 45 109 106 104 81 80 49 48 47 79,
 78 77 50 76 53 52 51 55 54 58,
 57 56 60 59 63 62 61 65 64 68,
 67 66 70 69 73 72 71 75 74

FUNCTION qfn100ld_v2 qfn100ld_v2  25 24 23 22 21 20 19 18 17 16,
 15 14 13 12 11 10 9 8 7 6,
 5 4 3 2 1 26 101 100 29 28,
 27 107 105 102 99 98 97 31 30 96,
 95 34 33 32 94 93 92 36 35 108,
 103 91 90 39 38 37 89 88 87 41,
 40 86 85 44 43 42 84 83 82 46,
 45 109 106 104 81 80 49 48 47 79,
 78 77 50 76 53 52 51 55 54 58,
 57 56 60 59 63 62 61 65 64 68,
 67 66 70 69 73 72 71 75 74

END
